
	Distribution Summary

Distribution:	Triangular   
Expression:	TRIA(1, 5.01, 10)
Square Error:	0.000020

Chi Square Test
  Number of intervals	= 40
  Degrees of freedom 	= 38
  Test Statistic     	= 42.3
  Corresponding p-value	= 0.297

	Data Summary

Number of Data Points	= 50000
Min Data Value       	= 1.01
Max Data Value       	= 9.96
Sample Mean          	= 5.34
Sample Std Dev       	= 1.84

	Histogram Summary

Histogram Range    	= 1 to 10
Number of Intervals	= 40


==================================================================
Int.   No. of               Probability           Cumulative      
No.    Data Pts.   x        Density               Distribution    
------------------------------------------------------------------
                            Data   Function       Data   Function   
   0    56       1.23    0.00112    0.00140    0.00112    0.00140
   1   206       1.45    0.00412    0.00421    0.00524    0.00561
   2   340       1.68    0.00680    0.00701     0.0120     0.0126
   3   495       1.90    0.00990    0.00981     0.0219     0.0224
   4   599       2.13     0.0120     0.0126     0.0339     0.0350
   5   773       2.35     0.0155     0.0154     0.0494     0.0505
   6   922       2.58     0.0184     0.0182     0.0678     0.0687
   7  1007       2.80     0.0201     0.0210     0.0880     0.0897
   8  1213       3.03     0.0243     0.0238      0.112      0.114
   9  1408       3.25     0.0282     0.0266      0.140      0.140
  10  1513       3.48     0.0303     0.0294      0.171      0.170
  11  1591       3.70     0.0318     0.0322      0.202      0.202
  12  1751       3.93     0.0350     0.0350      0.237      0.237
  13  1967       4.15     0.0393     0.0379      0.277      0.275
  14  1975       4.38     0.0395     0.0407      0.316      0.315
  15  2228       4.60     0.0446     0.0435      0.361      0.359
  16  2282       4.83     0.0456     0.0463      0.407      0.405
  17  2485       5.05     0.0497     0.0490      0.456      0.454
  18  2429       5.27     0.0486     0.0485      0.505      0.503
  19  2288       5.50     0.0458     0.0462      0.551      0.549
  20  2207       5.72     0.0441     0.0440      0.595      0.593
  21  2027       5.95     0.0405     0.0417      0.635      0.635
  22  1960       6.17     0.0392     0.0395      0.674      0.674
  23  1811       6.40     0.0362     0.0372      0.711      0.711
  24  1770       6.62     0.0354     0.0350      0.746      0.746
  25  1625       6.85     0.0325     0.0327      0.779      0.779
  26  1551       7.07     0.0310     0.0305      0.810      0.809
  27  1367       7.30     0.0273     0.0282      0.837      0.838
  28  1259       7.52     0.0252     0.0259      0.862      0.864
  29  1207       7.75     0.0241     0.0237      0.886      0.887
  30  1043       7.97     0.0209     0.0214      0.907      0.909
  31   914       8.20     0.0183     0.0192      0.925      0.928
  32   932       8.42     0.0186     0.0169      0.944      0.945
  33   749       8.65     0.0150     0.0147      0.959      0.959
  34   628       8.87     0.0126     0.0124      0.972      0.972
  35   536       9.10     0.0107     0.0102      0.982      0.982
  36   401       9.32    0.00802    0.00789      0.990      0.990
  37   273       9.55    0.00546    0.00564      0.996      0.995
  38   155       9.77    0.00310    0.00338      0.999      0.999
  39    57       10.0    0.00114    0.00113       1.00       1.00
